100
69 5 6 7 8 9 11 14 15 19 21 22 27 28 35 37 38 44 57 61 62 63 69 72 80 82 84 88 102 107 117 121 126 139 145 146 152 155 158 166 176 187 199 211 224 243 249 309 346 356 388 410 426 501 566 572 583 599 659 671 679 708 720 751 762 778 782 824 873 884 907 971 977 1005 1119 1294 1334 1446 1468 1482 1522 1593 1671 1757 1883 2085 2100 2112 2120 2177 2238 2359 2371 2448 2616 2744 2919 3204 3266 3299 3520 3561 3831 3853 4035 4276 4301 4342 4436 4834 5876 6165 6169 6290 6452 6543 6767 6986 7042 7827 8271 9665
51 5 9 14 15 19 22 23 27 30 41 44 45 58 61 63 70 72 74 78 102 117 121 138 155 159 187 196 197 198 268 280 288 299 329 371 383 426 468 510 519 611 665 725 742 749 910 966 977 1001 1012 1159 1224 1225 1242 1339 1343 1387 1417 1491 1602 1692 1745 1826 1921 1989 2148 2420 2425 2500 2613 2818 2826 3046 3586 3708 3824 3826 3923 4433 4532 4606 4705 4946 5031 5501 5534 5603 5659 6877 7694 8429 8783 9127 9234 9365
77 2 5 7 8 9 11 15 16 19 21 57 58 62 69 78 82 102 112 114 123 135 148 155 161 183 184 197 199 204 207 229 236 243 273 289 299 301 330 331 342 356 372 403 404 426 501 513 554 604 612 647 651 653 715 720 725 776 896 899 1005 1251 1258 1300 1352 1395 1549 1577 1593 1638 1734 1888 2258 2265 2378 2533 3160 3293 3591 3603 3884 4098 4347 4959 5286 5350 5582 5848 5872 6163 6745 6961 7342 7792 8241 8332 8466 8733 9710
25 2 5 8 9 11 14 15 16 19 21 27 28 35 37 44 62 65 69 70 72 82 83 84 86 102 103 107 112 120 131 138 139 140 147 148 164 166 176 193 199 227 236 240 249 252 268 280 301 316 330 342 389 390 393 409 468 485 494 542 583 594 850 880 1001 1048 1134 1174 1184 1200 1222 1307 1350 1434 1478 1482 1495 1524 1554 1610 1645 1667 1888 2106 2175 2264 2587 2685 2709 3139 3196 3251 3262 3398 3483 3747 3880 3964 4100 4397 4724 5482 6115 6534 7242 7354 7382 8243 8360 9054 9677
59 8 9 11 14 19 21 22 23 27 28 37 41 57 58 61 65 70 72 78 80 82 114 117 121 123 125 126 139 155 204 216 231 243 252 253 305 343 426 494 536 542 545 554 585 621 646 671 684 702 725 726 746 762 769 857 873 881 914 933 977 979 1011 1119 1134 1334 1385 1412 1429 1480 1566 1745 1805 1972 2060 2187 2231 2692 2956 2980 5333 5350 5643 6134 6138 6238 6246 6335 8138 8139 8146 8450 8969
35 5 7 8 9 14 15 19 21 27 28 35 37 57 58 61 63 69 72 82 88 96 107 114 120 121 123 131 138 140 148 157 158 164 184 212 229 235 253 277 301 310 316 331 388 454 476 519 552 566 638 646 686 763 829 836 899 907 914 969 1065 1122 1186 1260 1352 1440 1452 1506 1604 1799 1883 1917 1959 2148 2371 3011 3126 3190 3332 3839 3923 3977 4164 4551 4613 4710 5158 5221 5895 6059 6137 6644 6962 7537 7709 7718 7970 8030 8315 8450 9713 9957
52 5 7 8 9 14 15 16 18 19 21 23 27 28 30 37 38 41 45 56 57 58 61 62 63 72 74 78 117 120 126 135 138 139 145 193 197 211 224 229 243 253 267 285 301 303 309 310 355 365 371 389 410 485 595 708 737 789 850 859 880 901 907 961 1012 1070 1088 1132 1153 1186 1310 1395 1401 1417 1476 1482 1502 1591 1597 1601 1643 1702 1714 1805 1954 2088 2112 2162 2164 2175 2190 2293 2523 2577 2818 3182 3319 3849 4089 4130 4226 4277 4421 4589 4849 4869 5313 5616 5851 5936 6001 6376 6402 6744 7055 7307 7869 7895 7959 8955 9832 9946
91 2 5 7 15 19 21 22 27 28 30 55 57 60 61 63 69 70 74 78 84 97 102 103 114 120 121 126 135 138 139 148 164 176 184 193 199 210 211 228 229 253 267 290 327 330 331 355 389 426 443 501 549 612 647 663 739 825 843 859 869 901 948 1016 1090 1119 1151 1155 1221 1227 1287 1437 1452 1522 1599 1629 1671 1691 2020 2168 2238 2282 2304 2371 2477 2492 2513 2591 2654 2685 2741 2871 2972 3244 3684 4131 4148 4171 4370 5295 5659 5850 6005 6018 7086 7315 7600 8019 8334 8438 8992 9127
44 7 8 9 11 14 16 19 20 22 27 28 35 37 44 55 62 63 65 69 72 78 82 92 95 97 102 107 120 121 126 135 138 139 146 148 155 157 164 176 184 187 197 211 229 236 255 256 285 301 303 309 331 332 339 348 372 389 404 443 468 552 625 650 671 681 708 716 731 742 750 869 907 1052 1070 1106 1122 1132 1173 1183 1204 1221 1263 1270 1283 1290 1310 1379 1610 1651 1674 1809 1826 1881 1933 2076 2091 2106 2116 2196 2291 2292 2298 2563 2700 2707 2713 2785 2823 2955 3363 3443 3870 3927 3970 4023 4089 4532 4977 4982 5295 5395 5621 5626 5634 5860 6668 7518 7594 7624 8034 8480 9502 9886
13 6 8 11 13 14 15 17 21 23 27 35 45 55 56 57 58 65 70 74 82 107 114 117 126 131 135 138 139 145 152 158 184 187 197 233 249 252 316 325 343 355 375 393 422 426 429 443 482 524 549 572 611 750 885 909 915 1128 1152 1413 1452 1506 1597 1686 1951 1959 1967 1981 2142 2169 2198 2205 2282 2509 2579 2768 2922 3284 3525 3600 3676 3700 3706 3839 4336 4350 4864 4994 5336 5902 6644 6684 7325 7658 7918 8116 8802 9888
18 5 7 8 9 14 19 22 23 27 37 55 56 57 62 65 69 74 84 102 114 120 121 123 135 138 139 157 158 161 176 184 204 229 231 245 253 267 273 280 339 355 356 365 389 393 421 439 524 554 583 595 598 609 613 615 632 646 647 686 728 731 742 747 750 803 836 878 879 910 979 1019 1052 1171 1251 1292 1298 1369 1395 1546 1604 1930 2138 2416 2523 2688 3053 3121 3158 3410 3983 4089 4102 4302 4388 5381 5634 6058 6234 6756 7984 8334 8703 9611
39 2 7 8 11 17 18 21 27 28 30 35 60 69 74 79 88 96 97 102 103 107 110 118 119 120 126 138 148 152 155 159 162 166 168 176 184 189 193 252 299 335 346 356 390 417 468 566 583 608 797 867 896 968 977 1001 1153 1226 1481 1520 1671 1723 1954 1973 2088 2120 2207 2383 2503 2657 2889 3182 3389 3623 3751 4768 5391 5480 5546 5705 5895 5921 6256 7048 7104 7548 7593
85 7 8 9 14 15 19 21 27 28 37 38 44 58 62 65 69 73 74 78 82 88 95 103 114 115 120 121 123 138 139 158 164 166 176 184 187 193 199 216 224 229 231 238 240 249 253 299 329 330 332 355 371 372 409 410 432 442 468 510 516 524 552 574 583 615 626 636 679 681 715 782 836 850 909 1106 1137 1312 1324 1344 1388 1398 1412 1506 1554 1667 1756 1757 2170 2562 2652 2730 2848 2973 3024 3071 3319 3569 4390 4421 4962 5349 5605 5641 6234 6304 6718 6729 7401 7876 9086
19 7 8 9 11 14 15 16 19 20 21 22 23 27 28 30 35 37 44 54 55 57 58 61 62 63 65 69 78 88 92 96 102 107 114 120 121 126 138 139 148 155 158 184 193 224 229 231 236 243 252 253 285 290 298 299 303 309 346 355 356 382 404 468 480 482 484 583 599 612 624 625 679 681 708 764 800 859 871 900 940 948 961 992 995 1114 1119 1151 1171 1184 1284 1376 1384 1434 1437 1468 1506 1521 1524 1572 1604 1689 1737 1762 1793 1799 1930 2208 2214 2264 2348 2374 2444 3046 3106 3142 3244 3398 3447 3448 3455 3477 3483 3514 3563 3621 4063 4291 4594 4978 5182 5395 5910 5926 5990 6379 6698 6930 6979 7086 7373 7387 8488 8933 9559 9732 9768
94 7 8 9 11 14 15 19 27 28 37 55 57 65 74 82 83 88 102 103 107 114 117 120 121 131 132 135 138 148 164 178 193 197 199 206 253 268 300 301 309 321 325 332 355 549 552 554 557 612 619 632 653 655 663 681 697 709 727 735 764 782 824 830 861 900 978 1000 1001 1008 1031 1106 1151 1200 1344 1387 1412 1506 1627 1750 1783 1917 2185 2360 2402 2486 2576 2819 3398 3428 3458 3631 4157 4281 4364 4425 4625 5051 5091 5483 5603 5626 5921 6785 7590 7708 7971 8492 8993
17 5 7 8 9 15 19 20 21 23 28 30 37 44 55 61 62 63 65 69 70 72 74 78 83 86 96 102 126 131 138 139 176 178 184 197 199 210 238 252 273 285 299 329 339 346 356 390 396 454 485 494 510 536 549 561 583 585 637 665 731 751 797 879 915 940 948 968 1077 1270 1352 1395 1420 1524 1554 1584 1591 1667 1801 1951 2033 2145 2232 2296 2342 2614 2889 2905 2981 3306 3912 3923 3977 4063 4167 4335 4343 4497 4607 4807 4813 5218 5278 5381 5404 5558 5893 6049 6369 6378 8015 9351 9470 9927
58 7 8 9 13 15 19 21 22 27 28 38 41 44 57 58 62 63 65 69 70 72 73 74 78 82 84 88 114 120 121 126 138 139 144 146 148 152 161 164 166 175 196 224 252 274 280 285 289 290 300 325 329 342 442 468 482 510 549 574 609 621 662 684 720 751 850 859 869 880 899 909 990 1065 1077 1106 1122 1149 1283 1284 1334 1344 1521 1583 1587 1597 1612 1627 1768 2076 2153 2593 2659 2955 3110 3131 3441 3514 3516 3768 4104 4133 4390 4417 4672 4895 5838 5850 6188 6379 6604 6756 7279 8076 8355 8430 9894
73 7 8 9 11 14 15 16 17 21 23 27 28 30 37 45 54 58 62 65 69 70 72 74 82 92 102 103 107 110 119 120 126 131 139 140 155 158 161 164 176 184 193 197 211 224 228 249 252 268 300 303 348 355 382 404 426 443 484 485 524 574 596 609 637 665 686 703 751 776 782 867 899 919 968 1114 1122 1128 1195 1232 1256 1274 1307 1339 1386 1434 1495 1522 1562 1572 1611 1756 2060 2063 2198 2240 2244 2700 2703 2741 2857 3166 3706 3708 3774 3818 3826 3923 4320 5124 5209 5659 6057 6126 6188 6337 6668 6735 7218 7798 8156 8454 8528
4 8 13 19 27 28 30 37 45 54 55 57 60 62 65 69 70 78 79 82 84 97 102 110 114 119 120 126 131 135 139 147 152 155 158 183 224 228 229 252 299 342 375 404 432 482 503 511 519 552 587 637 671 742 890 941 1387 1521 1628 1679 1843 1881 2132 2348 2431 2478 2654 2791 3033 3293 3348 3420 3689 3692 3767 3769 3975 4178 5390 6147 6913 7275 7687 8901 9017 9464
33 2 5 7 8 9 14 19 27 28 37 38 54 57 58 61 63 65 69 73 74 82 83 84 86 95 102 107 112 120 121 123 126 131 138 139 145 148 149 158 164 176 178 184 193 199 204 224 228 229 236 243 252 271 277 280 289 290 301 303 309 316 356 404 432 442 443 482 542 554 596 609 650 653 659 665 671 686 708 709 737 751 968 973 979 995 1011 1019 1122 1365 1384 1387 1413 1583 1667 1783 1807 1917 1951 1954 2003 2116 2205 2261 2274 2291 2521 2614 2717 2848 2849 3053 3097 3119 3142 3182 3239 3248 3457 3514 3591 3600 3639 3774 4172 4510 4820 4881 4953 5011 5150 5754 5860 6082 6539 6656 7437 7585 8751 8853 9365 9572 9896 9933
66 4 5 7 8 9 11 14 15 19 20 23 27 28 29 36 37 38 44 54 60 61 63 69 74 78 82 95 102 110 119 120 121 126 131 132 138 139 155 161 166 183 199 207 229 252 253 309 355 404 426 432 457 484 485 494 496 662 684 725 845 907 976 999 1606 1671 1734 1937 1988 2047 2285 2653 2717 2852 3097 3142 3332 3457 3471 3477 3493 3767 4018 5472 6131 6656 7162 7253 7677 7975 8643
49 12 13 16 17 20 41 42 45 49 52 55 65 68 73 76 80 87 88 92 96 104 112 137 186 198 206 231 272 339 375 387 425 641 970 994 1325 1628 3631 8342
38 7 8 14 19 20 21 28 30 37 41 54 56 57 62 65 69 70 72 92 97 112 120 121 125 145 147 161 170 176 199 206 210 235 252 253 255 268 290 299 316 346 355 356 408 442 549 583 585 659 679 715 735 815 881 907 971 1054 1065 1073 1106 1334 1434 1456 1549 1714 1841 1862 1958 2067 2191 2360 2371 2385 2572 2840 3097 3299 3676 4221 4336 4361 5329 6166 7373 7776 7924 7977 8801 8948 9138 9906
3 9 13 17 22 31 40 42 45 73 83 86 96 98 119 141 142 179 256 257 271 401 447 459 475 590 915 976 1041 1772 2334 2696 2738 2992 3659 4009 5519 5803
63 3 5 7 8 9 14 16 19 23 25 27 34 44 57 58 60 63 66 74 75 78 80 106 120 122 135 138 139 145 148 155 159 164 184 206 285 327 329 330 395 432 468 487 557 638 660 709 715 727 900 907 968 1019 1052 1123 1223 1236 1256 1283 1303 1495 1554 1745 2158 2359 2371 2683 2849 3008 3222 3248 3412 3642 4364 4497 4880 5448 5779 6481 8355 8402 8543
46 5 7 8 9 11 14 15 20 22 23 27 28 35 38 44 57 58 61 62 63 69 72 74 78 88 97 102 103 110 119 120 121 123 126 131 138 140 145 146 148 155 164 166 172 183 193 196 197 198 199 224 236 252 253 280 285 289 301 309 329 389 408 432 468 484 612 625 634 651 708 720 815 824 928 935 968 979 983 1001 1132 1161 1263 1270 1298 1324 1352 1369 1491 1502 1597 1643 1656 1679 1766 1771 2003 2076 2385 2659 2818 2976 3378 4148 4288 4372 4568 4985 5429 5482 5720 6092 6222 6459 7151 7408 7672 7918 9517 9572
76 5 8 14 15 17 19 20 21 22 23 27 28 30 35 60 61 62 63 65 69 73 74 78 79 84 88 103 107 110 112 114 117 120 121 126 135 138 139 140 145 146 148 152 155 157 164 166 176 184 185 197 199 207 224 236 243 253 267 285 290 301 325 332 371 372 382 389 404 455 484 495 511 517 542 549 552 659 681 728 737 867 869 900 957 968 1131 1307 1315 1344 1388 1476 1604 1771 1780 1836 2060 2168 2177 2291 2504 2612 2614 2700 2717 2902 3060 3069 3182 3279 3379 3398 3408 3470 3849 3887 3992 4221 4364 4500 4741 4977 5313 5615 5721 6288 6402 8095 8635 8988
42 6 8 17 18 19 20 21 23 27 30 32 37 38 41 42 44 56 57 62 63 69 74 78 82 96 119 121 126 132 135 137 138 140 148 155 158 161 162 176 184 193 199 210 243 249 280 284 299 331 332 442 482 487 516 561 595 632 636 655 686 777 843 907 935 1001 1027 1052 1184 1387 1476 1495 1522 1611 1768 1789 2047 2150 2153 2862 3172 3198 3286 3441 3533 3585 4225 4288 4408 5514 5973 6362 6373 7347 7360 8364 9519
95 5 7 8 9 14 15 16 17 18 19 22 27 28 35 37 38 58 62 65 69 72 78 86 102 103 107 118 120 121 126 129 131 132 138 139 140 148 152 155 168 176 193 199 210 211 235 268 280 316 319 329 331 372 454 554 583 625 662 737 797 940 1017 1073 1089 1131 1183 1387 1513 1564 1575 1623 1756 1863 1876 2052 2138 2316 2573 2612 2670 2848 3199 3441 3455 3884 3995 4247 4413 4609 4791 5011 5442 5516 5554 5616 5985 6379 7081 7234 8094 8243 8992 9039
60 0 2 4 11 18 22 26 29 32 44 53 54 56 60 83 84 90 106 110 119 122 130 142 143 219 238 297 390 410 417 747 878 951 1017 1128 2169 2433 2526 4373 5661 6848
10 2 6 7 8 9 17 18 26 27 28 38 41 57 58 63 72 80 82 86 90 107 114 119 123 131 135 138 145 152 160 161 176 187 229 240 249 256 265 267 280 300 310 332 382 410 442 455 468 476 482 501 513 595 599 621 638 655 739 824 841 849 914 915 940 957 1131 1132 1155 1275 1327 1447 1483 1506 1707 1826 2088 2668 2701 2820 2871 2872 3008 3424 4210 4266 4281 4432 4609 5031 5268 5276 5725 6049 6951 7959 9047 9053
8 2 7 8 9 15 27 28 35 37 41 53 57 62 63 65 69 72 78 83 84 88 96 97 112 120 121 126 131 135 139 147 152 155 157 164 178 193 199 206 216 240 249 252 253 280 285 290 300 331 404 408 468 484 485 487 513 524 549 552 574 594 650 684 709 815 869 899 909 940 1089 1137 1225 1287 1290 1365 1388 1434 1440 1468 1495 1506 1572 1597 1632 1679 1734 1735 2140 2148 2158 2572 2608 2627 2700 2902 2960 2976 3198 3266 3302 3389 3467 3517 3692 3747 4510 4525 4554 4703 4864 4885 5247 5313 5367 5515 5751 6837 7033 7269 7292 7537 7915 8080 8215 8734 8819 9030
36 7 8 11 15 19 21 27 30 35 37 62 63 69 72 74 84 88 102 103 107 114 119 120 126 131 138 139 148 152 158 161 166 184 187 193 197 198 199 206 252 253 267 280 301 303 309 329 332 342 371 403 406 409 410 434 501 542 549 554 561 585 624 637 681 709 725 737 751 778 784 797 805 859 907 967 977 979 1005 1027 1052 1080 1152 1168 1290 1332 1350 1352 1388 1412 1420 1528 1638 1656 1702 1771 1783 1850 1936 2296 2298 2591 2659 2930 3110 3158 3194 3483 3497 3718 4067 4090 4171 4662 4688 4704 4919 5329 5526 5959 6577 6767 7048 7069 7081 7315 8454 8465 9521 9542 9710
74 7 8 9 14 19 20 21 23 27 28 37 38 41 55 56 58 61 62 63 65 73 80 82 102 107 114 117 120 121 126 131 137 145 148 155 184 187 196 198 199 224 252 253 264 268 288 316 342 372 410 443 446 468 517 612 621 625 659 707 715 825 841 914 948 968 992 1210 1274 1332 1401 1428 1447 1583 1604 1610 1754 1917 1979 2048 2112 2274 2296 2385 2427 2735 2967 3502 3759 4429 4514 4597 4801 5526 6097 7774 8241 8365 8875 8938 9543
30 0 2 3 10 24 25 30 36 40 51 54 70 79 84 110 112 132 149 154 170 175 234 256 274 377 383 461 537 687 1026 1904 2757 2841 3943 5484 5667 8427 9246 9360
16 5 6 7 8 9 11 19 20 27 28 30 35 37 44 57 60 62 63 73 78 88 102 107 110 112 121 131 139 166 167 176 184 195 211 224 229 236 249 252 256 288 290 303 329 331 332 355 356 371 382 393 398 485 496 611 650 659 681 725 762 848 880 948 999 1000 1027 1207 1296 1315 1452 1590 1704 1762 1959 1985 2205 2268 2744 2983 3054 3500 3698 4023 4371 4848 5069 5429 6031 6630 7791 8660 9225
14 14 30 35 36 45 49 51 55 56 65 72 79 87 90 92 97 115 118 119 140 151 154 155 185 216 245 270 289 291 349 396 417 450 503 807 825 1097 1100 1104 2126 4977 5791
9 6 7 8 9 15 16 19 20 21 24 27 31 37 48 52 55 56 62 65 69 70 82 110 117 120 121 126 131 135 145 147 155 157 158 162 163 164 171 183 197 199 204 210 229 235 252 268 290 309 342 382 389 403 425 526 554 637 650 665 725 737 762 784 873 899 1001 1122 1510 1723 1790 1881 2079 2136 2140 2258 2616 2721 2726 2735 2820 4308 5200 5225 5862 7147 7878
98 6 7 8 9 23 27 28 37 40 41 44 55 56 58 62 63 65 69 72 77 82 106 110 114 120 121 139 142 146 155 157 175 184 198 224 229 235 236 249 285 303 329 341 374 377 409 410 434 482 524 566 621 707 757 797 859 869 915 927 977 1006 1161 1184 1207 1263 1275 1450 1736 1958 2008 2039 2148 2246 2478 3065 3097 3517 3849 4040 4157 5084 5130 5350 5394 6201 6628 6698 7022 7173 7347 7691 7753 8349 9155
93 2 22 25 26 36 39 42 49 50 56 60 71 78 79 87 90 92 122 125 147 164 201 245 361 597 866 871 957 962 1225 1736 1948 2073 2552 3586 4070 4219 5041 6137 7234 8152 9562
0 5 7 8 9 11 14 15 19 27 28 30 35 38 45 74 82 92 96 102 107 120 121 123 138 139 145 152 155 158 166 176 184 197 229 231 236 288 290 299 309 316 330 331 339 410 422 426 442 451 552 554 611 615 624 625 632 655 663 679 709 717 720 751 756 797 869 896 909 949 995 1110 1137 1384 1452 1541 1558 1583 1702 1725 1799 1847 1862 1884 2045 2076 2169 2212 2288 2322 2334 2509 2526 2825 2841 2899 2978 3053 3069 3160 3299 3457 3489 3977 4040 4171 4329 4460 4589 4829 5136 5448 6045 6160 6915 7013 9054
50 8 9 14 15 17 18 19 21 28 38 41 44 45 57 58 65 69 74 88 102 114 121 125 126 137 140 152 155 158 166 171 176 198 204 216 228 233 236 240 268 303 333 356 371 390 391 395 410 485 487 587 594 653 776 859 900 919 926 968 1089 1256 1343 1376 1446 1482 1575 1737 1891 1921 2073 2126 2147 2248 2292 2430 2444 2513 2612 2713 2780 2787 2941 3097 3222 3244 3412 4178 4347 4619 4864 4995 5084 5862 6523 6577 6755 6762 8044 8702 9346
34 2 7 9 11 16 20 22 23 27 30 48 54 60 62 63 73 83 95 106 117 120 121 152 164 166 168 175 178 197 206 224 253 268 305 329 371 429 442 444 455 476 549 554 625 647 665 680 734 735 885 900 979 1173 1232 1269 1275 1287 1324 1408 1575 1665 1679 1756 1809 2076 2214 2300 2453 2492 2504 2688 3764 3869 4142 4310 4364 4525 4728 5038 6265 6656 8643 9039
82 8 9 15 20 22 27 28 30 38 42 45 52 58 62 63 65 69 72 74 78 84 96 103 107 110 114 120 121 126 131 135 138 145 146 152 158 166 184 193 199 216 229 235 243 247 252 277 299 342 348 356 395 404 451 468 494 510 524 566 583 609 621 625 662 671 679 869 873 879 900 909 914 927 968 1077 1171 1227 1236 1270 1283 1294 1300 1384 1408 1478 1546 1591 1665 1737 1745 1930 2114 2282 2430 2538 2592 2705 2976 3102 3211 3215 4291 4478 4525 5091 5773 5882 6029 6051 6082 6467 6769 7291 7433 7837 8660 9294 9305 9542 9551 9584
20 0 5 7 8 12 13 16 19 28 35 41 45 57 58 61 62 63 69 92 97 107 112 117 118 120 138 140 146 155 159 172 176 199 232 236 249 255 309 325 356 372 382 409 422 436 442 449 495 583 662 663 679 849 907 919 1117 1121 1122 1151 1169 1187 1225 1591 1678 1771 2147 2180 2521 2616 2858 3052 3270 3428 3706 3866 4413 4605 5876 5887 6379 7454 7966 8734
62 6 7 8 9 14 19 21 23 27 38 57 58 60 63 69 72 74 78 90 92 117 120 121 126 131 132 135 145 147 151 152 155 161 164 166 178 193 210 211 245 265 273 277 290 300 316 329 355 356 375 388 480 497 510 538 549 595 611 659 715 777 789 803 829 869 879 907 914 928 957 1017 1027 1223 1263 1275 1395 1468 1571 1583 1591 1627 1673 1958 2316 2372 3879 4500 4841 5546 5668 5778 6831 7117 7481 7727 7734 7777 9208 9593 9957
40 2 4 11 13 20 22 24 35 42 47 50 52 53 68 83 84 88 95 106 107 146 216 231 253 300 308 672 681 972 1153 1161 1401 2120 2143 2208 2423 2442 2475 3044 3345 3400 3561 3704 3858 5296
88 1 3 4 25 28 44 54 65 67 86 98 112 145 146 157 160 162 168 173 190 198 224 238 250 282 382 424 461 469 510 545 660 1223 1704 1808 2674 2739 3022 4266 4479 5931 7707 8381 8461 9358
90 21 34 43 47 51 55 83 90 102 103 123 125 140 147 183 196 201 218 265 344 383 388 646 665 716 1008 1068 1242 1256 1260 1447 1489 1494 1496 1640 2074 2207 2736 2919 2977 3135 3790 5905 7245 7671 9299 9749 9824
64 6 7 8 9 11 14 15 19 20 23 27 37 48 54 55 57 60 61 62 63 65 69 72 74 79 82 117 121 126 132 138 139 157 158 161 176 187 193 236 243 252 265 299 301 309 325 327 332 342 356 371 653 679 750 785 800 803 890 899 1128 1183 1296 1384 1408 1420 1428 1434 1495 1510 1571 1704 1721 1876 1894 1958 1967 2094 2218 2261 2433 2859 3032 3038 3317 3358 3395 4977 5038 5150 5205 6035 6092 6126 6655 7712 7862 7986 8309 9359
43 2 4 24 40 41 52 70 73 76 84 98 100 110 112 159 162 210 216 231 324 377 409 496 778 946 1019 1215 1360 1436 1483 1566 1758 1988 2052 2152 2262 2313 3016 7589 7797 8184 8629 9613
72 5 12 13 17 21 25 38 41 46 80 83 91 92 136 156 166 189 206 261 313 388 446 475 515 516 599 978 1190 1353 1429 1509 1621 2029 2809 3231 3410 3540 4040 4630 6094 7559 9478
87 2 13 18 26 29 36 50 61 81 97 99 101 108 115 130 132 137 179 207 323 353 454 538 598 742 789 935 1227 1273 2428 2849 3045 3600 3652 4048 5046 5561 6134
48 7 8 9 14 19 21 22 26 27 28 30 37 44 53 63 65 67 69 74 79 96 110 117 120 134 138 147 148 164 176 184 198 199 211 218 236 249 252 274 300 325 330 335 348 356 383 388 389 403 404 494 513 545 583 632 703 745 751 841 878 914 1023 1312 1344 1350 1384 1510 1554 1564 1575 1593 1601 1809 2249 2325 2825 2901 2905 2920 2955 3158 3561 3684 3692 3825 4157 4247 4497 4799 5728 5843 6227 7569 8334
65 6 7 8 11 21 27 28 47 52 53 64 65 69 72 82 107 112 115 117 121 135 138 144 157 160 164 166 173 176 184 187 206 277 299 300 329 335 343 387 389 390 395 396 409 410 429 434 482 552 568 604 614 646 679 734 764 815 841 849 909 1004 1385 1395 1412 1476 1732 1921 1954 2180 2200 2296 2780 2837 2889 3582 4403 4962 4978 7753 8734 8761
75 10 25 26 29 43 46 56 59 66 89 105 129 170 174 195 209 212 304 402 445 454 489 546 587 589 993 4157 4725
89 6 8 9 11 13 27 28 37 44 57 60 61 62 79 87 96 102 110 112 121 131 145 152 156 157 159 161 164 178 199 206 210 218 238 240 245 268 348 372 424 436 484 485 500 532 538 545 596 625 636 726 782 841 943 968 1008 1172 1601 1734 1757 1896 2019 2377 2941 3024 3137 3526 4122 4281 4537 4618 4962 5350 5773 6087 7584 8790 8978 9514 9657
71 5 7 8 19 27 28 37 41 62 63 65 68 69 72 74 82 84 110 114 115 120 131 138 139 143 147 158 161 164 182 184 196 197 199 225 229 231 236 243 249 252 268 290 301 309 329 330 331 335 391 404 439 442 451 480 484 496 523 534 561 566 609 624 655 709 715 728 881 962 968 977 1272 1384 1401 1495 1506 1568 1607 1697 1721 1766 2000 2212 2240 2291 2348 2684 2700 3082 3141 3424 4044 4632 4656 4881 5447 6668 9957
54 2 16 17 30 31 36 48 54 81 90 92 96 109 115 123 126 138 149 156 170 178 180 199 212 273 274 288 321 346 398 402 451 468 482 509 621 628 797 830 954 1321 1442 2099 2196 2816 5020 5195 5982
96 3 10 11 20 29 32 33 34 44 55 56 67 73 81 108 118 125 137 155 156 162 219 249 271 372 383 455 504 517 534 542 715 1001 1361 1489 1862 4914
47 0 1 12 32 33 34 83 85 91 133 136 154 172 192 198 218 244 261 344 384 545 598 614 654 728 1327 1612 2391 2413 3654 7287 9081
79 2 3 12 21 23 66 71 74 76 100 103 119 125 126 139 159 170 187 257 275 281 351 385 443 498 594 694 733 897 997 1020 1121 1340 1431 1847 1861 2533 3983 4048 5175
1 1 3 16 22 24 29 30 32 41 42 51 56 57 66 84 93 110 119 123 158 159 168 171 180 187 240 257 355 397 398 415 425 461 505 735 1189 5011
21 5 6 12 17 20 38 43 47 48 59 61 88 96 118 124 163 185 204 207 227 267 310 386 410 503 513 515 538 616 636 1087 1098 1260 1271 1445 1723 1859 2372 2740 3426
78 7 8 9 13 20 21 27 28 40 44 46 58 62 69 72 96 103 115 121 132 135 145 146 148 172 184 236 307 318 325 370 388 390 391 426 443 485 587 595 624 632 680 707 731 789 805 825 878 1184 1194 1476 1502 1591 1600 1613 1629 1690 1697 1840 1913 2044 2264 2282 2371 2431 2451 2810 2858 2943 3006 3014 3057 3631 3756 3796 4452 5276 5472 5566 7499 8402 8702 9915
56 5 13 15 16 23 24 25 29 34 38 54 83 89 117 128 178 179 181 183 207 214 223 231 250 375 432 481 534 655 868 1457 1581 2746 4612 8114
28 4 12 31 43 60 64 70 85 96 97 105 144 145 152 171 189 232 264 272 402 414 432 444 572 791 860 975 1150 1223 1788 2965 4596 5447 5909
68 15 17 18 27 28 37 44 47 57 58 62 63 69 81 84 90 107 112 120 121 131 134 135 138 139 152 170 176 193 194 206 236 243 253 255 274 279 309 316 329 330 332 424 442 468 482 487 509 517 554 604 612 647 650 671 880 1000 1078 1113 1122 1320 1351 1387 1412 1429 1436 1506 1669 1673 1697 1714 1799 1803 1881 2169 2216 2298 2487 2513 2837 2973 3158 3999 4226 4266 4724 4919 5661 5667 5990 6459 6698 7584 7850 8911
29 1 4 11 14 19 21 26 32 35 38 42 45 46 52 132 137 153 156 191 228 350 360 393 410 459 490 526 594 793 984 1378 1450 1491 1537 2090 2726 3201 7303
70 5 9 20 23 24 27 28 30 38 41 45 54 55 62 63 65 69 76 83 97 102 114 121 126 131 135 145 148 162 176 197 224 231 253 298 316 321 339 365 372 382 389 404 410 422 476 480 484 496 545 566 577 619 650 659 666 782 797 940 1168 1442 1497 1572 2134 2147 2683 2759 2780 3613 3807 3831 3884 3975 4099 4618 4859 5724 5801 6616 6979 7546 7559 7672 8272 8672 9311
41 11 12 13 15 17 26 35 40 44 51 53 60 81 84 112 118 132 137 142 145 181 184 196 214 227 240 429 627 634 762 910 1262 1626 1877 3135 3248 4241 4858 4942 5580 6565 9678
80 4 8 16 19 22 27 28 37 42 48 50 56 62 65 69 73 74 75 82 86 88 102 103 104 115 117 120 123 131 135 136 138 145 147 148 161 164 184 229 236 252 280 290 316 330 371 390 426 542 611 641 655 708 726 747 948 968 971 977 990 1012 1065 1152 1153 1173 1174 1195 1256 1321 1386 1454 1572 1584 1862 1911 2136 2168 2614 3106 3281 3706 6347 7373 7908 8040 9335 9947
61 2 4 16 21 26 32 49 50 54 55 70 79 119 125 179 208 211 213 218 228 230 252 266 275 343 351 362 374 385 901 984 1754 2171 2430 2649 3179 3624
92 2 31 49 51 64 74 85 86 100 104 122 144 169 194 205 248 279 293 310 327 345 355 361 363 364 698 1804 4366
23 10 12 18 31 34 35 36 53 81 95 111 160 195 230 264 272 281 327 414 462 645 678 817 1277 1407 1743 3066 3257 7607
53 0 40 48 82 129 225 238 246 251 254 302 339 370 399 634 755 760 1035 1056 1136 1228 1277 1313 1754 1866 1931 2767 2857 3243 3715 4974 5312 6565 7064
37 10 24 35 36 53 77 100 141 152 154 155 159 175 263 273 310 320 321 325 335 342 357 363 396 408 496 672 720 866 1096 1177 1222 1256 1508 2096 3069 3140 4096 4623 6787 7557 9467
57 76 77 80 91 101 106 111 116 200 203 206 296 323 349 355 358 448 567 779 1099 1156 1336 2195 2330 2477 2634 2836 3661 3953
83 4 36 199 248 278 308 367 370 415 446 632 670 862 891 998 1476 1515 1595 1932 2143 2285 2433 2609 2706 3056 3175 3406 3730 4238 4273 4289 5688 8518 9040
26 66 68 75 105 111 142 181 213 234 257 258 289 296 328 355 447 465 488 631 1257 1330 1333 1351 1397 2114 2330 3470 3532 3996 4984 7313 9246
12 2 6 7 9 12 26 27 32 40 42 45 66 69 70 72 82 86 94 98 99 120 121 122 126 137 138 155 163 176 184 203 213 219 221 233 252 253 290 303 305 316 348 427 554 624 662 782 1077 1263 1310 1401 1502 1591 1850 2116 2148 2153 2159 2371 2757 3483 3635 3818 4336 7929 8707
81 0 1 3 16 18 21 23 26 30 33 44 59 113 123 133 156 167 209 212 259 282 359 374 520 596 700 812 982 2217 2882 4857 7173
84 1 5 15 20 25 30 39 40 46 52 54 61 70 81 84 85 97 102 117 118 124 129 132 140 157 168 235 245 284 339 440 515 1180 1244 1541 1989 2812 3089 4291
15 12 13 31 36 45 60 61 77 89 92 127 150 182 189 202 212 377 411 422 450 500 513 537 545 589 601 631 747 845 855 1114 1183 3198 5101 8149 8614
27 1 5 10 14 15 18 24 30 35 43 47 48 51 56 57 122 132 151 162 172 211 221 261 265 414 417 523 546 626 680 694 702 739 849 967 1117 1491 1718 2033 2231 6756
97 6 7 8 9 14 15 27 37 44 45 61 62 63 69 70 78 88 96 114 120 124 126 131 138 140 148 158 187 191 197 198 212 241 249 267 273 285 334 375 377 426 436 519 559 585 624 707 735 815 1095 1112 1200 1258 1434 1478 1738 1807 1868 1881 2492 2573 2653 3231 3397 3441 3769 4142 4266 4301 5029 5276 5381 5582 5712 5951 6062 6102 6361 6379 7155 7176 9630 9691
24 0 2 3 4 17 24 31 51 52 60 67 75 80 91 104 112 114 149 175 185 250 269 271 274 644 654 902 1187 1900 2177 2785 3210 4950
11 39 43 59 64 94 118 124 174 209 215 244 254 282 284 319 477 519 587 657 810 2104 2948 3017 4646 5275 5797
6 71 108 172 173 208 292 298 302 387 395 399 417 419 441 498 553 648 773 799 853 926 954 966 1070 1281 1362 1791 1806 1871 4040 4514 6702
32 17 34 47 52 63 77 80 87 88 91 122 131 146 151 161 162 186 218 239 287 420 435 459 622 716 946 1125 1287 1368 1412 2268 3071 4850 5469
5 6 7 8 9 11 14 15 19 21 23 27 30 37 44 45 62 63 65 68 69 90 94 95 96 97 103 107 117 125 135 138 139 145 149 155 158 166 175 187 193 195 198 199 245 249 255 299 303 310 316 409 496 510 549 599 609 611 637 686 933 1274 1283 1334 1437 1541 1702 1756 1966 2163 2478 2918 3057 3109 3110 3304 4258 5160 7234 8044 8270 9447
67 20 33 38 40 50 66 71 98 105 142 165 172 180 207 219 225 226 264 279 286 308 387 400 497 515 536 756 767 929 981 1112 4817
22 6 7 8 9 11 14 19 27 28 37 45 57 58 62 63 69 72 73 74 78 96 102 103 107 114 115 121 126 132 138 148 155 157 161 164 166 173 184 187 193 197 198 211 224 229 236 240 253 268 277 280 282 285 299 301 303 316 342 355 356 389 404 429 442 459 468 476 480 513 583 650 658 684 709 731 751 782 805 843 859 881 933 977 1173 1290 1310 1423 1770 1805 1930 2000 2045 2163 2190 2198 2304 2402 2503 2768 2818 3211 3379 3424 4099 4510 5110 5600 6035 6288 6404 6747 7293 7508 7624 8226 8677 8955 9425 9517
7 16 17 52 60 70 84 93 109 129 327 338 352 456 462 486 555 606 610 1010 1103 1496 1828 1896 1966 2001 2218 2491 3203 3689 7367 8688
31 7 14 19 22 24 26 27 28 32 37 53 61 62 63 65 67 69 74 79 102 117 119 128 135 138 139 166 172 175 187 199 211 216 222 224 249 252 253 273 280 408 424 482 531 549 583 596 609 694 776 867 881 915 1052 1065 1088 1093 1137 1231 1320 1349 1352 1530 1734 1756 1793 1911 1914 1989 2504 2560 2919 3008 3543 4061 4397 4487 4818 6141 6385 7218 7454 8707 8719
99 2 5 13 18 20 23 29 35 38 41 84 88 101 113 119 143 161 162 168 178 240 313 387 406 539 550 608 641 715 739 785 829 1023 1209 1550 1648 1902 2337 3697 5863 5974 6292
2 85 150 154 190 214 261 270 352 361 378 401 487 597 694 713 763 775 804 813 1030 1072 1260 1298 1566 1706 1890 1936 1971 2883 3021 3243 5108 5707
45 10 36 61 67 109 180 217 243 248 258 315 318 337 338 340 357 363 397 412 421 502 544 656 1096 1861 2601 6082
55 2 7 8 9 14 20 22 25 27 28 37 56 57 61 63 65 70 71 72 78 80 88 102 107 110 115 121 126 130 134 138 145 146 155 166 173 176 187 193 199 204 211 229 244 252 330 342 404 410 443 460 468 485 554 637 650 662 681 686 725 731 737 747 867 880 900 957 1070 1089 1137 1151 1184 1194 1223 1263 1270 1434 1495 1502 1587 1667 1691 1737 2112 2448 2651 2692 2847 3008 3244 3477 3774 4148 4507 4650 5055 5603 5664 6809 6887 7293 8094 8147 9037 9722 9765
86 0 18 24 32 33 34 43 47 48 50 73 81 123 140 154 189 230 235 267 272 277 300 408 410 476 508 509 539 1529 1608 2480 2503 2886 6228 8244
